0.000000 -1.000000
0.010000 -0.124518
0.020000 0.733797
0.030000 1.592112
0.040000 2.400909
0.050000 3.209706
0.060000 3.942202
0.070000 4.674697
0.080000 5.312240
0.090000 5.949782
0.800000 9.493515
0.810000 9.374233
0.820000 9.199673
0.830000 9.025113
0.840000 8.779898
0.850000 8.534683
0.860000 8.203928
0.870000 7.873173
0.880000 7.444695
0.890000 7.016217
0.200000 9.493515
0.210000 9.612798
0.220000 9.691016
0.230000 9.769234
0.240000 9.818436
0.250000 9.867637
0.260000 9.897314
0.270000 9.926992
0.280000 9.944149
0.290000 9.961306
0.400000 9.999391
0.410000 9.999646
0.420000 9.999754
0.430000 9.999862
0.440000 9.999905
0.450000 9.999948
0.460000 9.999965
0.470000 9.999981
0.480000 9.999986
0.490000 9.999992
0.900000 6.482999
0.910000 5.949782
0.920000 5.312240
0.930000 4.674697
0.940000 3.942202
0.950000 3.209706
0.960000 2.400909
0.970000 1.592112
0.980000 0.733797
0.990000 -0.124518
1.000000 -1.000000
0.700000 9.970808
0.710000 9.961306
0.720000 9.944149
0.730000 9.926992
0.740000 9.897314
0.750000 9.867637
0.760000 9.818436
0.770000 9.769234
0.780000 9.691016
0.790000 9.612798
0.600000 9.999391
0.610000 9.999136
0.620000 9.998561
0.630000 9.997985
0.640000 9.996744
0.650000 9.995503
0.660000 9.992946
0.670000 9.990389
0.680000 9.985350
0.690000 9.980311
0.300000 9.970808
0.310000 9.980311
0.320000 9.985350
0.330000 9.990389
0.340000 9.992946
0.350000 9.995503
0.360000 9.996744
0.370000 9.997985
0.380000 9.998561
0.390000 9.999136
0.500000 9.999992
0.510000 9.999992
0.520000 9.999986
0.530000 9.999981
0.540000 9.999965
0.550000 9.999948
0.560000 9.999905
0.570000 9.999862
0.580000 9.999754
0.590000 9.999646
0.100000 6.482999
0.110000 7.016217
0.120000 7.444695
0.130000 7.873173
0.140000 8.203928
0.150000 8.534683
0.160000 8.779898
0.170000 9.025113
0.180000 9.199673
0.190000 9.374233
