0.000000 -1.000000
0.010000 -0.726252
0.020000 -0.452503
0.030000 -0.179997
0.040000 0.092509
0.050000 0.362540
0.060000 0.632571
0.070000 0.898917
0.080000 1.165263
0.090000 1.426743
0.100000 1.688223
0.110000 1.943699
0.120000 2.199174
0.130000 2.447554
0.140000 2.695933
0.150000 2.936181
0.160000 3.176429
0.170000 3.407572
0.180000 3.638715
0.190000 3.859846
0.200000 4.080977
0.210000 4.291259
0.220000 4.501542
0.230000 4.700210
0.240000 4.898879
0.250000 5.085241
0.260000 5.271603
0.270000 5.445038
0.280000 5.618474
0.290000 5.778433
0.300000 5.938393
0.310000 6.084394
0.320000 6.230395
0.330000 6.362021
0.340000 6.493647
0.350000 6.610540
0.360000 6.727434
0.370000 6.829294
0.380000 6.931155
0.390000 7.017734
0.400000 7.104313
0.410000 7.175408
0.420000 7.246503
0.430000 7.301957
0.440000 7.357410
0.450000 7.397102
0.460000 7.436793
0.470000 7.460641
0.480000 7.484488
0.490000 7.492443
0.500000 7.500398
0.510000 7.492443
0.520000 7.484488
0.530000 7.460641
0.540000 7.436793
0.550000 7.397102
0.560000 7.357410
0.570000 7.301957
0.580000 7.246503
0.590000 7.175408
0.600000 7.104313
0.610000 7.017734
0.620000 6.931155
0.630000 6.829294
0.640000 6.727434
0.650000 6.610540
0.660000 6.493647
0.670000 6.362021
0.680000 6.230395
0.690000 6.084394
0.700000 5.938393
0.710000 5.778433
0.720000 5.618474
0.730000 5.445038
0.740000 5.271603
0.750000 5.085241
0.760000 4.898879
0.770000 4.700210
0.780000 4.501542
0.790000 4.291259
0.800000 4.080977
0.810000 3.859846
0.820000 3.638715
0.830000 3.407572
0.840000 3.176429
0.850000 2.936181
0.860000 2.695933
0.870000 2.447554
0.880000 2.199174
0.890000 1.943699
0.900000 1.688223
0.910000 1.426743
0.920000 1.165263
0.930000 0.898917
0.940000 0.632571
0.950000 0.362540
0.960000 0.092509
0.970000 -0.179997
0.980000 -0.452503
0.990000 -0.726252
1.000000 -1.000000
