0.000000 -1.000000
0.010000 -0.726252
0.020000 -0.453124
0.030000 -0.179997
0.040000 0.091271
0.050000 0.362540
0.060000 0.630728
0.070000 0.898917
0.080000 1.162830
0.090000 1.426743
0.100000 1.685221
0.110000 1.943699
0.120000 2.195626
0.130000 2.447554
0.140000 2.691867
0.150000 2.936181
0.160000 3.171876
0.170000 3.407572
0.180000 3.633709
0.190000 3.859846
0.200000 4.075553
0.210000 4.291259
0.220000 4.495735
0.230000 4.700210
0.240000 4.892725
0.250000 5.085241
0.260000 5.265140
0.270000 5.445038
0.280000 5.611736
0.290000 5.778433
0.300000 5.931413
0.310000 6.084394
0.320000 6.223207
0.330000 6.362021
0.340000 6.486280
0.350000 6.610540
0.360000 6.719917
0.370000 6.829294
0.380000 6.923514
0.390000 7.017734
0.400000 7.096571
0.410000 7.175408
0.420000 7.238682
0.430000 7.301957
0.440000 7.349529
0.450000 7.397102
0.460000 7.428871
0.470000 7.460641
0.480000 7.476542
0.490000 7.492443
0.500000 7.492443
0.510000 7.492443
0.520000 7.476542
0.530000 7.460641
0.540000 7.428871
0.550000 7.397102
0.560000 7.349529
0.570000 7.301957
0.580000 7.238682
0.590000 7.175408
0.600000 7.096571
0.610000 7.017734
0.620000 6.923514
0.630000 6.829294
0.640000 6.719917
0.650000 6.610540
0.660000 6.486280
0.670000 6.362021
0.680000 6.223207
0.690000 6.084394
0.700000 5.931413
0.710000 5.778433
0.720000 5.611736
0.730000 5.445038
0.740000 5.265140
0.750000 5.085241
0.760000 4.892725
0.770000 4.700210
0.780000 4.495735
0.790000 4.291259
0.800000 4.075553
0.810000 3.859846
0.820000 3.633709
0.830000 3.407572
0.840000 3.171876
0.850000 2.936181
0.860000 2.691867
0.870000 2.447554
0.880000 2.195626
0.890000 1.943699
0.900000 1.685221
0.910000 1.426743
0.920000 1.162830
0.930000 0.898917
0.940000 0.630728
0.950000 0.362540
0.960000 0.091271
0.970000 -0.179997
0.980000 -0.453124
0.990000 -0.726252
1.000000 -1.000000
